//SiO2 1 - Si, 2 - O
//Коэфф. для расчета инт-ий 4 тетраэдра
tetrarx
H(S)
121 1 1 1 0
  1.0000       214.0638
  1.0500       151.8471
  1.1000       113.5396
  1.1500        95.1819
  1.2000        92.2598
  1.2500       100.1512
  1.3000       114.4966
  1.3500       131.4712
  1.4000       147.9483
  1.4500       161.5605
  1.5000       170.6775
  1.5500       174.3155
  1.6000       172.0117
  1.6500       163.6860
  1.7000       149.5106
  1.7500       129.8060
  1.8000       104.9682
  1.8500        75.4280
  1.9000        41.6426
  1.9500         4.0993
  2.0000       -36.6636
  2.0500       -80.0458
  2.1000      -125.3801
  2.1500      -171.9412
  2.2000      -218.9681
  2.2500      -265.6964
  2.3000      -311.3936
  2.3500      -355.3895
  2.4000      -397.0942
  2.4500      -436.0031
  2.5000      -471.6830
  2.5500      -503.7430
  2.6000      -531.8011
  2.6500      -555.4464
  2.7000      -574.2151
  2.7500      -587.5822
  2.8000      -594.9797
  2.8500      -595.8431
  2.9000      -589.6786
  2.9500      -576.1542
  3.0000      -555.1919
  3.0500      -527.0566
  3.1000      -492.4220
  3.1500      -452.4025
  3.2000      -408.5363
  3.2500      -362.7249
  3.3000      -317.1182
  3.3500      -273.9630
  3.4000      -235.4214
  3.4500      -203.3812
  3.5000      -179.2762
  3.5500      -163.9355
  3.6000      -157.4852
  3.6500      -159.3075
  3.7000      -168.0672
  3.7500      -181.8060
  3.8000      -198.0934
  3.8500      -214.2248
  3.9000      -227.4377
  3.9500      -235.1359
  4.0000      -235.0922
  4.0500      -225.6098
  4.1000      -205.6376
  4.1500      -174.8157
  4.2000      -133.4625
  4.2500       -82.5028
  4.3000       -23.3482
  4.3500        42.2520
  4.4000       112.3711
  4.4500       185.0652
  4.5000       258.5015
  4.5500       331.0620
  4.6000       401.3981
  4.6500       468.4433
  4.7000       531.3861
  4.7500       589.6102
  4.8000       642.6200
  4.8500       689.9522
  4.9000       731.1062
  4.9500       765.4864
  5.0000       792.3810
  5.0500       810.9676
  5.1000       820.3615
  5.1500       819.6843
  5.2000       808.1556
  5.2500       785.1970
  5.3000       750.5308
  5.3500       704.2635
  5.4000       646.9417
  5.4500       579.5790
  5.5000       503.6428
  5.5500       421.0021
  5.6000       333.8476
  5.6500       244.5739
  5.7000       155.6582
  5.7500        69.5189
  5.8000       -11.6111
  5.8500       -85.8079
  5.9000      -151.5484
  5.9500      -207.7796
  6.0000      -253.9535
  6.0500      -290.0333
  6.1000      -316.4644
  6.1500      -334.1254
  6.2000      -344.2489
  6.2500      -348.3344
  6.3000      -348.0477
  6.3500      -345.1180
  6.4000      -341.2348
  6.4500      -337.9553
  6.5000      -336.6179
  6.5500      -338.2717
  6.6000      -343.6231
  6.6500      -353.0002
  6.7000      -366.3351
  6.7500      -383.1722
  6.8000      -402.6933
  6.8500      -423.7658
  6.9000      -445.0127
  6.9500      -464.8930
  7.0000      -481.8007
