//SiO2 1 - Si, 2 - O
//Коэфф. для расчета инт-ий
tetrarx
H(S)
121 1 1 1 0
  1.0000         0.0729
  1.0500         0.0340
  1.1000         0.0068
  1.1500        -0.0106
  1.2000        -0.0194
  1.2500        -0.0204
  1.3000        -0.0144
  1.3500        -0.0023
  1.4000         0.0148
  1.4500         0.0352
  1.5000         0.0572
  1.5500         0.0787
  1.6000         0.0977
  1.6500         0.1124
  1.7000         0.1214
  1.7500         0.1235
  1.8000         0.1184
  1.8500         0.1060
  1.9000         0.0865
  1.9500         0.0607
  2.0000         0.0296
  2.0500        -0.0059
  2.1000        -0.0443
  2.1500        -0.0846
  2.2000        -0.1254
  2.2500        -0.1656
  2.3000        -0.2041
  2.3500        -0.2401
  2.4000        -0.2729
  2.4500        -0.3024
  2.5000        -0.3282
  2.5500        -0.3507
  2.6000        -0.3698
  2.6500        -0.3859
  2.7000        -0.3989
  2.7500        -0.4087
  2.8000        -0.4148
  2.8500        -0.4166
  2.9000        -0.4135
  2.9500        -0.4046
  3.0000        -0.3895
  3.0500        -0.3681
  3.1000        -0.3407
  3.1500        -0.3082
  3.2000        -0.2723
  3.2500        -0.2349
  3.3000        -0.1983
  3.3500        -0.1648
  3.4000        -0.1366
  3.4500        -0.1154
  3.5000        -0.1024
  3.5500        -0.0980
  3.6000        -0.1021
  3.6500        -0.1137
  3.7000        -0.1312
  3.7500        -0.1526
  3.8000        -0.1756
  3.8500        -0.1979
  3.9000        -0.2170
  3.9500        -0.2305
  4.0000        -0.2365
  4.0500        -0.2333
  4.1000        -0.2197
  4.1500        -0.1949
  4.2000        -0.1588
  4.2500        -0.1120
  4.3000        -0.0556
  4.3500         0.0086
  4.4000         0.0785
  4.4500         0.1514
  4.5000         0.2246
  4.5500         0.2952
  4.6000         0.3607
  4.6500         0.4192
  4.7000         0.4691
  4.7500         0.5097
  4.8000         0.5407
  4.8500         0.5627
  4.9000         0.5764
  4.9500         0.5829
  5.0000         0.5834
  5.0500         0.5788
  5.1000         0.5699
  5.1500         0.5570
  5.2000         0.5400
  5.2500         0.5187
  5.3000         0.4926
  5.3500         0.4611
  5.4000         0.4236
  5.4500         0.3801
  5.5000         0.3305
  5.5500         0.2755
  5.6000         0.2159
  5.6500         0.1531
  5.7000         0.0889
  5.7500         0.0251
  5.8000        -0.0362
  5.8500        -0.0930
  5.9000        -0.1435
  5.9500        -0.1862
  6.0000        -0.2198
  6.0500        -0.2438
  6.1000        -0.2582
  6.1500        -0.2633
  6.2000        -0.2603
  6.2500        -0.2508
  6.3000        -0.2369
  6.3500        -0.2208
  6.4000        -0.2050
  6.4500        -0.1917
  6.5000        -0.1829
  6.5500        -0.1802
  6.6000        -0.1843
  6.6500        -0.1954
  6.7000        -0.2129
  6.7500        -0.2356
  6.8000        -0.2617
  6.8500        -0.2892
  6.9000        -0.3158
  6.9500        -0.3394
  7.0000        -0.3580
