//SiO2 1 - Si, 2 - O
//Коэфф. для расчета инт-ий
tetrarx
H(S)
121 1 1 1 0
  1.0000         0.1235
  1.0500         0.0512
  1.1000        -0.0008
  1.1500        -0.0337
  1.2000        -0.0492
  1.2500        -0.0498
  1.3000        -0.0385
  1.3500        -0.0184
  1.4000         0.0072
  1.4500         0.0354
  1.5000         0.0634
  1.5500         0.0888
  1.6000         0.1097
  1.6500         0.1247
  1.7000         0.1327
  1.7500         0.1332
  1.8000         0.1261
  1.8500         0.1116
  1.9000         0.0903
  1.9500         0.0630
  2.0000         0.0308
  2.0500        -0.0054
  2.1000        -0.0442
  2.1500        -0.0845
  2.2000        -0.1253
  2.2500        -0.1654
  2.3000        -0.2041
  2.3500        -0.2405
  2.4000        -0.2741
  2.4500        -0.3046
  2.5000        -0.3314
  2.5500        -0.3546
  2.6000        -0.3739
  2.6500        -0.3892
  2.7000        -0.4004
  2.7500        -0.4074
  2.8000        -0.4101
  2.8500        -0.4084
  2.9000        -0.4023
  2.9500        -0.3918
  3.0000        -0.3771
  3.0500        -0.3585
  3.1000        -0.3364
  3.1500        -0.3117
  3.2000        -0.2853
  3.2500        -0.2581
  3.3000        -0.2315
  3.3500        -0.2066
  3.4000        -0.1846
  3.4500        -0.1667
  3.5000        -0.1534
  3.5500        -0.1454
  3.6000        -0.1427
  3.6500        -0.1449
  3.7000        -0.1511
  3.7500        -0.1603
  3.8000        -0.1708
  3.8500        -0.1809
  3.9000        -0.1888
  3.9500        -0.1927
  4.0000        -0.1909
  4.0500        -0.1821
  4.1000        -0.1652
  4.1500        -0.1398
  4.2000        -0.1058
  4.2500        -0.0638
  4.3000        -0.0145
  4.3500         0.0406
  4.4000         0.1001
  4.4500         0.1621
  4.5000         0.2247
  4.5500         0.2863
  4.6000         0.3450
  4.6500         0.3995
  4.7000         0.4484
  4.7500         0.4909
  4.8000         0.5262
  4.8500         0.5539
  4.9000         0.5737
  4.9500         0.5857
  5.0000         0.5899
  5.0500         0.5865
  5.1000         0.5759
  5.1500         0.5582
  5.2000         0.5339
  5.2500         0.5033
  5.3000         0.4671
  5.3500         0.4257
  5.4000         0.3797
  5.4500         0.3301
  5.5000         0.2776
  5.5500         0.2233
  5.6000         0.1684
  5.6500         0.1138
  5.7000         0.0609
  5.7500         0.0108
  5.8000        -0.0355
  5.8500        -0.0772
  5.9000        -0.1135
  5.9500        -0.1439
  6.0000        -0.1684
  6.0500        -0.1869
  6.1000        -0.1999
  6.1500        -0.2079
  6.2000        -0.2117
  6.2500        -0.2123
  6.3000        -0.2107
  6.3500        -0.2080
  6.4000        -0.2053
  6.4500        -0.2034
  6.5000        -0.2031
  6.5500        -0.2052
  6.6000        -0.2100
  6.6500        -0.2178
  6.7000        -0.2284
  6.7500        -0.2417
  6.8000        -0.2571
  6.8500        -0.2740
  6.9000        -0.2917
  6.9500        -0.3092
  7.0000        -0.3255
