//SiO2 1 - Si, 2 - O
//Коэфф. для расчета инт-ий
tetrarx
H(S)
121 1 1 1 0
  1.0000         0.0771
  1.0500         0.1093
  1.1000         0.1512
  1.1500         0.1962
  1.2000         0.2386
  1.2500         0.2736
  1.3000         0.2977
  1.3500         0.3089
  1.4000         0.3066
  1.4500         0.2914
  1.5000         0.2648
  1.5500         0.2291
  1.6000         0.1867
  1.6500         0.1400
  1.7000         0.0913
  1.7500         0.0425
  1.8000        -0.0051
  1.8500        -0.0503
  1.9000        -0.0926
  1.9500        -0.1315
  2.0000        -0.1666
  2.0500        -0.1975
  2.1000        -0.2240
  2.1500        -0.2456
  2.2000        -0.2618
  2.2500        -0.2722
  2.3000        -0.2768
  2.3500        -0.2754
  2.4000        -0.2684
  2.4500        -0.2567
  2.5000        -0.2414
  2.5500        -0.2240
  2.6000        -0.2063
  2.6500        -0.1901
  2.7000        -0.1774
  2.7500        -0.1696
  2.8000        -0.1678
  2.8500        -0.1728
  2.9000        -0.1842
  2.9500        -0.2014
  3.0000        -0.2227
  3.0500        -0.2461
  3.1000        -0.2692
  3.1500        -0.2891
  3.2000        -0.3033
  3.2500        -0.3095
  3.3000        -0.3059
  3.3500        -0.2914
  3.4000        -0.2661
  3.4500        -0.2308
  3.5000        -0.1873
  3.5500        -0.1384
  3.6000        -0.0875
  3.6500        -0.0384
  3.7000         0.0052
  3.7500         0.0396
  3.8000         0.0620
  3.8500         0.0704
  3.9000         0.0640
  3.9500         0.0434
  4.0000         0.0105
  4.0500        -0.0315
  4.1000        -0.0783
  4.1500        -0.1248
  4.2000        -0.1658
  4.2500        -0.1959
  4.3000        -0.2107
  4.3500        -0.2064
  4.4000        -0.1809
  4.4500        -0.1336
  4.5000        -0.0658
  4.5500         0.0196
  4.6000         0.1182
  4.6500         0.2244
  4.7000         0.3317
  4.7500         0.4336
  4.8000         0.5237
  4.8500         0.5964
  4.9000         0.6475
  4.9500         0.6742
  5.0000         0.6755
  5.0500         0.6523
  5.1000         0.6070
  5.1500         0.5434
  5.2000         0.4663
  5.2500         0.3814
  5.3000         0.2942
  5.3500         0.2099
  5.4000         0.1331
  5.4500         0.0674
  5.5000         0.0150
  5.5500        -0.0231
  5.6000        -0.0469
  5.6500        -0.0579
  5.7000        -0.0581
  5.7500        -0.0504
  5.8000        -0.0375
  5.8500        -0.0225
  5.9000        -0.0081
  5.9500         0.0036
  6.0000         0.0110
  6.0500         0.0130
  6.1000         0.0093
  6.1500        -0.0002
  6.2000        -0.0148
  6.2500        -0.0339
  6.3000        -0.0564
  6.3500        -0.0815
  6.4000        -0.1082
  6.4500        -0.1358
  6.5000        -0.1634
  6.5500        -0.1905
  6.6000        -0.2165
  6.6500        -0.2409
  6.7000        -0.2632
  6.7500        -0.2829
  6.8000        -0.2993
  6.8500        -0.3121
  6.9000        -0.3206
  6.9500        -0.3245
  7.0000        -0.3235
